5000671057 2
9289010269 3
3100752055 1
1100411036 2
8264120229 2
1100171061 3
3344630260 3
4100191002 2
4100251016 1
3100631006 3
3100621049 3
4100282019 3
1100112060 3
4100252039 2
2000482008 2
5100092019 3
1100172037 2
2100592004 2
4100271039 2
3100752001 2
5674960216 3
2100521076 3
5100381012 3
2904280250 2
240846027 2
9877360242 2
5100422047 2
5000392027 2
8264120131 2
2000491068 2
88265402180 2
1100051037 2
4100201034 2
3100621053 3
1100122033 2
1100022026 3
4100302063 2
3422270117 2
1100142057 3
1100141006 2
